<?xml version="1.0"?>
<opencv_storage>
<calibration_Time>"ma 09 nov 2015 16:28:55 CET"</calibration_Time>
<nrOfFrames>25</nrOfFrames>
<image_Width>640</image_Width>
<image_Height>480</image_Height>
<board_Width>9</board_Width>
<board_Height>6</board_Height>
<square_Size>37.</square_Size>
<FixAspectRatio>1.</FixAspectRatio>
<!-- flags:  +fix_aspectRatio +fix_principal_point +zero_tangent_dist -->
<flagValue>14</flagValue>
<Camera_Matrix type_id="opencv-matrix">
  <rows>3</rows>
  <cols>3</cols>
  <dt>d</dt>
  <data>
    3.5725798743218513e+02 0. 3.1950000000000000e+02 0.
    3.5725798743218513e+02 2.3950000000000000e+02 0. 0. 1.</data></Camera_Matrix>
<Distortion_Coefficients type_id="opencv-matrix">
  <rows>5</rows>
  <cols>1</cols>
  <dt>d</dt>
  <data>
    -3.3255322930439180e-01 1.0344725668165858e-01 0. 0.
    -1.3881490850495778e-02</data></Distortion_Coefficients>
<Avg_Reprojection_Error>4.9659691182263421e-01</Avg_Reprojection_Error>
<Per_View_Reprojection_Errors type_id="opencv-matrix">
  <rows>25</rows>
  <cols>1</cols>
  <dt>f</dt>
  <data>
    4.69947487e-01 4.27262366e-01 4.40078050e-01 4.95252073e-01
    5.01402557e-01 5.12932479e-01 4.94187593e-01 5.29173136e-01
    6.45521343e-01 3.76963586e-01 4.49719846e-01 4.09711838e-01
    5.58025420e-01 3.74415815e-01 3.12721163e-01 3.13175857e-01
    3.48857760e-01 4.66665268e-01 5.22216797e-01 3.52471709e-01
    3.66781771e-01 2.93365687e-01 6.78409636e-01 8.99129689e-01
    6.94305420e-01</data></Per_View_Reprojection_Errors>
<!-- a set of 6-tuples (rotation vector + translation vector) for each view -->
<Extrinsic_Parameters type_id="opencv-matrix">
  <rows>25</rows>
  <cols>6</cols>
  <dt>d</dt>
  <data>
    8.2655507374198378e-01 3.6854224586514844e-01
    -2.5348583049451467e+00 -1.3719629144585488e+02
    7.9636581103711237e+01 5.9751031943553232e+02 8.8256328630265324e-01
    3.8899501731914138e-01 -2.5150038280491271e+00
    -1.4849781358472924e+02 7.3574466690863559e+01
    6.1393705477045648e+02 8.7409978695156343e-01 4.7598776342043103e-01
    -2.4997887286497873e+00 -1.5589505705914164e+02
    6.6796921737478741e+01 6.3397873499667480e+02 8.0342303801498816e-01
    6.0196544416375863e-01 -2.5198387373428481e+00
    -1.4784670106406804e+02 5.8910506263932156e+01
    6.6127992899936987e+02 7.5030817440746067e-01 6.5126111183758051e-01
    -2.5702122982671383e+00 -1.2583800518361376e+02
    6.0463604425979099e+01 6.6986755979767815e+02 6.8722804038611873e-01
    6.9790661328496728e-01 -2.6497112320955107e+00
    -8.4356346276373031e+01 6.4527486285189326e+01
    6.7513514596845482e+02 -5.8421818750868237e-01
    -8.3472918261884510e-01 2.9203475373090426e+00
    1.2376449925501234e+02 1.0387172829216697e+01 6.9456253339337366e+02
    -4.8512849373876260e-01 -9.0412860585809596e-01
    2.3649505430530136e+00 7.3874716255506357e+01
    -7.5528626721926116e+01 6.8270810342447908e+02
    -3.1424481617908190e-01 -8.4380886075911843e-01
    2.3368317340536922e+00 3.8520263888202656e+01
    -2.9754576833006357e+01 6.3753439649858149e+02
    -3.6498483021829253e-01 -3.4296444989978209e-01
    2.6634877388380431e+00 -3.7423569898283331e+00
    2.2777468768926269e+02 5.2743662016016322e+02
    -3.6763294070725089e-01 -4.7360121922220627e-01
    2.6031810681874381e+00 8.1510248958620739e+00 2.1981894949663038e+02
    5.2749540738294979e+02 -4.0797631187353661e-01
    -4.4470667844049289e-01 2.6460785312103794e+00
    1.4618395755816600e+01 2.3549838210605239e+02 5.2260580046641985e+02
    7.4438303572688380e-02 1.2256193509674196e-01 2.9522742342983284e+00
    2.4112076599693796e+02 3.0381236353943149e+02 4.6821307595404744e+02
    -9.2422062161557336e-02 -2.4984742625832551e-01
    2.9472474424787989e+00 2.3443628122068927e+02 1.4937307801688735e+02
    5.6338943122463752e+02 -8.3007637778307453e-01
    -1.8380731181811469e-01 2.3228403728594724e+00
    -1.0331119962638102e+00 3.8662910747861496e+01
    6.6862887611431233e+02 -9.4556798324406766e-01
    -2.3842843759996627e-02 2.2469788986324390e+00
    -2.7389456863722515e+01 5.8830403947678249e+01
    6.4233243087671701e+02 -9.9006709701376194e-01
    1.3255219765524864e-02 2.2157181166385276e+00
    -3.2832498467686911e+01 6.9260661916423587e+01
    6.4067969376954932e+02 -1.4675634431911705e-01
    -2.3311070510832041e-01 2.4932438479653545e+00
    3.3735905653303342e+02 6.8875342727129095e+01 5.8488774287782917e+02
    -7.0678026616708101e-01 -3.3555832547908782e-01
    -2.9768787972020760e+00 3.2321905859917780e+02
    1.4213264961276982e+02 3.2116275770630824e+02
    -7.3964920266162848e-01 -3.4840560955869937e-01
    -2.9537850648707535e+00 2.8841206254396877e+02
    1.5796777555575551e+02 3.1985680589826245e+02
    -7.3073594935770825e-01 -3.6386214060235578e-01
    -2.9674010036324758e+00 2.8987163155257792e+02
    1.6080693478565931e+02 3.1382880161387305e+02
    -6.1797943247100284e-01 -2.5022604980181101e-01
    -3.0627862921633970e+00 3.1290213347879342e+02
    1.7290021367671775e+02 3.4801310685953331e+02 6.1602546107315426e-01
    5.3216437560177587e-01 2.9580846551248108e+00 3.2204997150596813e+02
    2.3677719678158169e+02 2.4296886159692022e+02 6.0325282703223848e-01
    7.9250957757746676e-01 2.9085107881216694e+00 3.0532554374209138e+02
    1.8926365817067003e+02 2.0386521552873057e+02 5.5994495238238662e-01
    7.7561677418289710e-01 2.9109497419295973e+00 3.1014554989453842e+02
    1.6420799233596929e+02 2.1682288987325217e+02</data></Extrinsic_Parameters>
